00000000000000000000000001001010  74		7				601001
00000000000000000000000000001010  10		7				498048
00000000000000000000000011010000  208		8				359302
00000000000000000000000000011001  25		7				523135
00000000000000000000000011100100  228		8				416045
00000000000000000000000010100001  161		8				305640
00000000000000000000000011111110  254		8				477713
00000000000000000000000011100000  224		8				404478
00000000000000000000000011110111  247		8				471734
00000000000000000111010100011110  29982		15				0
00000000000000000111010100011111  29983		15				0
00000000000000000011101010001110  14990		14				0
00000000000000000001110101000110  7494		13				0
00000000000000000000111010100010  3746		12				0
00000000000000000000000001001010  74		8				271995
00000000000000000000000011101001  233		8				436922
00000000000000000000000011110001  241		8				456592
00000000000000000000000010010001  145		8				298988
00000000000000000000000011100110  230		8				417975
00000000000000000000000111111010  506		9				237759
00000000000000000000000010100110  166		8				307825
00000000000000000000000001001001  73		8				270876
00000000000000000000000111010111  471		9				225293
00000000000000000000000010110011  179		8				315512
00000000000000000000000011011110  222		8				398691
00000000000000000000000010011100  156		8				303660
00000000000000000000000000111100  60		8				263603
00000000000000000000000010101111  175		8				313283
00000000000000000000000001010000  80		8				273076
00000000000000000000000111101010  490		9				230541
00000000000000000000000011010100  212		8				365186
00000000000000000000000011101000  232		8				434203
00000000000000000000011101010000  1872		11				0
00000000000000000000000011011001  217		8				382107
00000000000000000000000001110011  115		8				286633
00000000000000000000000001110100  116		8				287193
00000000000000000000000011001100  204		8				355137
00000000000000000000000011000111  199		8				344134
00000000000000000000000000101001  41		8				256861
00000000000000000000000001000110  70		8				269461
00000000000000000000000001111001  121		8				289060
00000000000000000000000001100010  98		8				281252
00000000000000000000000010001110  142		8				296347
00000000000000000000000001100110  102		8				283324
00000000000000000000000000001111  15		8				247375
00000000000000000000000111010110  470		9				223870
00000000000000000000000010010010  146		8				299209
00000000000000000000000011000001  193		8				332176
00000000000000000000000011011100  220		8				390867
00000000000000000000000000010000  16		5				2360664
00000000000000000000000010001000  136		8				293867
00000000000000000000000000011000  24		8				249963
00000000000000000000000000100011  35		8				254156
00000000000000000000000111011001  473		9				226391
00000000000000000000000001101011  107		8				284652
00000000000000000000000000110100  52		8				262016
00000000000000000000000010011110  158		8				304381
00000000000000000000000111100101  485		9				230278
00000000000000000000000000001100  12		8				245278
00000000000000000000000111010101  469		9				223670
00000000000000000000000011010010  210		8				360575
00000000000000000000000001000000  64		8				264694
00000000000000000000000011001111  207		8				359176
00000000000000000000000011011011  219		8				387720
00000000000000000000000011011111  223		8				401279
00000000000000000000000011001110  206		8				358050
00000000000000000000000011000101  197		8				339711
00000000000000000000000001000101  69		8				269162
00000000000000000000000010101110  174		8				312766
00000000000000000000000000001000  8		8				244771
00000000000000000000000000100010  34		8				254143
00000000000000000000000001000111  71		8				269998
00000000000000000000000010111001  185		8				322128
00000000000000000000000010001111  143		8				297730
00000000000000000000000010011111  159		8				304420
00000000000000000000000001110111  119		8				288739
00000000000000000000000001011000  88		8				276439
00000000000000000000000111110011  499		9				236152
00000000000000000000000000101000  40		8				256596
00000000000000000000000001010100  84		8				274344
00000000000000000000000010111000  184		8				317559
00000000000000000000000000110111  55		8				262239
00000000000000000000000000111110  62		8				263766
00000000000000000000000000111010  58		8				263354
00000000000000000000000010100000  160		8				304572
00000000000000000000000010111110  190		8				329652
00000000000000000000000001111110  126		8				292549
00000000000000000000000010010011  147		8				301202
00000000000000000000000001110110  118		8				287849
00000000000000000000000000000000  0		8				239000
00000000000000000000000000000010  2		8				240615
00000000000000000000000000101101  45		8				258760
00000000000000000000000001101010  106		8				284391
00000000000000000000000000101010  42		8				257011
00000000000000000000000010101011  171		8				309393
00000000000000000000000010111101  189		8				328416
00000000000000000000000011010111  215		8				379251
00000000000000000000000010100100  164		8				305999
00000000000000000000000001001011  75		8				272030
00000000000000000000000001011001  89		8				277504
00000000000000000000000001101000  104		8				283541
00000000000000000000000000101100  44		8				258418
00000000000000000000000111011011  475		9				227488
00000000000000000000000001001000  72		8				270372
00000000000000000000000000100111  39		8				255961
00000000000000000000000111110010  498		9				236030
00000000000000000000000000011010  26		8				252157
00000000000000000000000111011010  474		9				226723
00000000000000000000000001010110  86		8				275278
00000000000000000000000010101001  169		8				308981
00000000000000000000000000000001  1		8				240071
00000000000000000000000010111111  191		8				330432
00000000000000000000000011001000  200		8				345222
00000000000000000000000000000100  4		8				243002
00000000000000000000000000001001  9		8				244956
00000000000000000000000000001101  13		8				245700
00000000000000000000000000011001  25		8				251426
00000000000000000000000000010001  17		8				248369
00000000000000000000000111100001  481		9				228445
00000000000000000000000001011100  92		8				280021
00000000000000000000000011100010  226		8				413148
00000000000000000000000001011111  95		8				280787
00000000000000000000000001011101  93		8				280100
00000000000000000000000010110001  177		8				315206
00000000000000000000000010111100  188		8				325196
00000000000000000000000000000101  5		7				490826
00000000000000000000000011000000  192		8				331688
00000000000000000000000011111011  251		8				473928
00000000000000000000000011101110  238		8				455161
00000000000000000000000011011101  221		8				395463
00000000000000000000000011010110  214		8				374718
00000000000000000000000011010101  213		8				368587
00000000000000000000000011100001  225		8				411711
00000000000000000000000001100100  100		8				282266
00000000000000000000000001000100  68		8				267532
00000000000000000000000010100111  167		8				307867
00000000000000000000000001100101  101		8				283189
00000000000000000000000010101100  172		8				309864
00000000000000000000000000011011  27		8				252360
00000000000000000000000001100001  97		8				281049
00000000000000000000000000110001  49		8				261200
00000000000000000000000000101011  43		8				257205
00000000000000000000000111011000  472		9				225545
00000000000000000000000011010001  209		8				360247
00000000000000000000000010101101  173		8				311664
00000000000000000000000001010101  85		8				274887
00000000000000000000000001100000  96		8				280896
00000000000000000000000001111000  120		8				288927
00000000000000000000000000110101  53		8				262156
00000000000000000000000010101010  170		8				309392
00000000000000000000000000001110  14		8				245818
00000000000000000000000010110110  182		8				316608
00000000000000000000000000111000  56		8				262527
00000000000000000000000111111110  510		9				238831
00000000000000000000001110101001  937		10				219457
00000000000000000000000000010011  19		8				249395
00000000000000000000000001000011  67		8				266818
00000000000000000000000111111111  511		9				238893
00000000000000000000000000101111  47		8				260263
00000000000000000000000010110010  178		8				315405
00000000000000000000000011000110  198		8				342420
00000000000000000000000000100001  33		8				254068
00000000000000000000000000111001  57		8				262915
00000000000000000000000111110100  500		9				236649
00000000000000000000000001000010  66		8				265996
00000000000000000000000000010110  22		8				249717
00000000000000000000000000011111  31		8				253765
00000000000000000000000000110110  54		8				262166
00000000000000000000000001110101  117		8				287689
00000000000000000000000000000101  5		8				244257
00000000000000000000000011000100  196		8				334997
00000000000000000000000010100101  165		8				307801
00000000000000000000000001010010  82		8				273754
00000000000000000000000001010011  83		8				274002
00000000000000000000000000000011  3		8				242709
00000000000000000000000010100011  163		8				305990
00000000000000000000000001111101  125		8				291844
00000000000000000000000001011010  90		8				277691
00000000000000000000000000000110  6		8				244603
00000000000000000000000111110101  501		9				237187
00000000000000000000000111110001  497		9				235968
00000000000000000000000000011100  28		8				252766
00000000000000000000000010110111  183		8				316962
00000000000000000000000010101000  168		8				308797
00000000000000000000000001101001  105		8				283909
00000000000000000000000000110000  48		8				260771
00000000000000000000000000100100  36		8				254191
00000000000000000000000001101100  108		8				284883
00000000000000000000000011000011  195		8				334856
00000000000000000000000011000010  194		8				333242
00000000000000000000000011101111  239		8				455568
00000000000000000000000011100101  229		8				416499
00000000000000000000000011110011  243		8				460594
00000000000000000000000011011010  218		8				385442
00000000000000000000000011001001  201		8				348536
00000000000000000000000010100010  162		8				305957
00000000000000000000000001111010  122		8				289746
00000000000000000000000001111111  127		8				293432
00000000000000000000000000111111  63		8				264333
00000000000000000000000010110100  180		8				315727
00000000000000000000000000111011  59		8				263577
00000000000000000000000001010001  81		8				273747
00000000000000000000000001000001  65		8				264986
00000000000000000000000001010111  87		8				275373
00000000000000000000000111100000  480		9				227979
00000000000000000000000111110000  496		9				235813
00000000000000000000000000010010  18		8				248396
00000000000000000000000010010000  144		8				298966
00000000000000000000000001011110  94		8				280114
00000000000000000000000111111011  507		9				238274
00000000000000000000000000100000  32		8				253910
00000000000000000000000000011110  30		8				253596
00000000000000000000000111100100  484		9				228457
00000000000000000000000010110101  181		8				316059
00000000000000000000000000100110  38		8				255920
00000000000000000000000000010000  16		8				247879
00000000000000000000000001110000  112		8				285722
00000000000000000000000000000111  7		8				244713
00000000000000000000000000010111  23		8				249740
00000000000000000000000011001010  202		8				349348
00000000000000000000000000101110  46		8				258912
00000000000000000000000001101101  109		8				285434
00000000000000000000000011001101  205		8				357749
00000000000000000000000000100111  39		7				545628
00000000000000000000000011110110  246		8				467190
00000000000000000000000011001011  203		8				352884
00000000000000000000000010011101  157		8				303836
00000000000000000000000010010110  150		8				301458
00000000000000000000000000100101  37		8				255792
00000000000000000000000001110001  113		8				286077
00000000000000000000000111101011  491		9				235208
00000000000000000000000001100111  103		8				283376
00000000000000000000000000111101  61		8				263645
00000000000000000000000001001101  77		8				272601
00000000000000000000000001111011  123		8				290914
00000000000000000000000001011011  91		8				279703
00000000000000000000000000011101  29		8				252861
00000000000000000000000001111100  124		8				291187
00000000000000000000000010010111  151		8				303656
00000000000000000000000000110111  55		7				571390
00000000000000000000000011110100  244		8				465200
00000000000000000000000011010011  211		8				363959
00000000000000000000000010001001  137		8				295260
00000000000000000000000001001100  76		8				272599
00000000000000000000000001100011  99		8				282116
00000000000000000000000010111010  186		8				323019
00000000000000000000000010110000  176		8				314950
00000000000000000000000001000101  69		7				593051
00000000000000000000000011100011  227		8				415914
00000000000000000000000001110010  114		8				286402
00000000000000000000000010111011  187		8				324821
00000000000000000000000001000110  70		7				593328
00000000000000000000000011011000  216		8				379710
00000000000000000000000011100111  231		8				427255
00000000000000000000000011111100  252		8				474122
00000000000000000000000000100110  38		6				1214079
